20 25 4 
1.000000 0.911406 0.752843 0.615463 0.541105 0.483332 0.418693 0.327956 0.244313 0.164714 0.087176 -0.001957 -0.091479 -0.175271 -0.235466 -0.276641 -0.301573 -0.320225 -0.333462 -0.342952 -0.347816 -0.347463 -0.342044 -0.339069 -0.336884 
1.000000 0.000000 0.000000 0.000000 
1.000000 0.907376 0.890452 0.758356 0.697264 0.579187 0.530670 0.444522 0.410360 0.330887 0.289295 0.210557 0.167070 0.104064 0.072079 0.032810 0.015806 -0.005737 -0.016648 -0.032818 -0.048061 -0.070949 -0.094433 -0.125324 -0.157517 
1.000000 0.000000 0.000000 0.000000 
1.000000 0.848368 0.621320 0.518558 0.469647 0.413864 0.368136 0.272493 0.132874 0.017720 -0.045377 -0.082815 -0.112756 -0.161292 -0.220300 -0.264387 -0.283836 -0.291654 -0.292081 -0.283835 -0.263965 -0.236517 -0.217480 -0.226096 -0.244099 
1.000000 0.000000 0.000000 0.000000 
1.000000 0.879707 0.676803 0.551946 0.500999 0.448202 0.376663 0.270482 0.144155 0.024453 -0.060034 -0.124744 -0.175257 -0.214861 -0.250036 -0.285150 -0.307510 -0.323496 -0.335807 -0.331916 -0.305963 -0.277983 -0.266145 -0.272788 -0.281883 
1.000000 0.000000 0.000000 0.000000 
1.000000 0.860986 0.643578 0.537182 0.497513 0.438995 0.366606 0.267890 0.147168 0.028608 -0.067412 -0.146511 -0.191113 -0.203585 -0.219538 -0.265733 -0.312684 -0.325223 -0.303895 -0.281393 -0.275418 -0.270178 -0.255048 -0.243577 -0.241272 
1.000000 0.000000 0.000000 0.000000 
1.000000 0.493916 -0.220637 -0.500517 -0.283077 0.093031 0.269524 0.114024 -0.131716 -0.294290 -0.240721 -0.056316 0.145543 0.236350 0.175424 0.005249 -0.067596 -0.011723 0.023021 0.011168 0.033386 0.036636 -0.072827 -0.193654 -0.187829 
0.000000 1.000000 0.000000 0.000000 
1.000000 0.443540 -0.298181 -0.465743 -0.139441 0.158807 0.139204 -0.027929 -0.096993 -0.151618 -0.184427 -0.094399 0.117194 0.207609 0.115484 -0.029724 -0.006967 0.094261 0.060280 -0.075574 -0.104592 0.011033 0.053009 -0.071336 -0.197659 
0.000000 1.000000 0.000000 0.000000 
1.000000 0.451362 -0.286819 -0.471587 -0.161494 0.132190 0.152087 -0.003928 -0.125828 -0.211681 -0.230688 -0.095703 0.174793 0.295177 0.166299 -0.068464 -0.078358 0.080034 0.126815 -0.009191 -0.111899 -0.059902 -0.004659 -0.093055 -0.206476 
0.000000 1.000000 0.000000 0.000000 
1.000000 0.495065 -0.215780 -0.452994 -0.202391 0.062980 0.136609 0.012173 -0.136515 -0.239966 -0.228763 -0.103148 0.154677 0.304160 0.200304 -0.011519 -0.039735 0.066863 0.081091 -0.013646 -0.083896 -0.064875 -0.064978 -0.151254 -0.201437 
0.000000 1.000000 0.000000 0.000000 
1.000000 0.503272 -0.189735 -0.455147 -0.229864 0.067024 0.177108 0.020164 -0.157575 -0.262275 -0.235433 -0.094398 0.140095 0.270728 0.218719 0.050648 -0.014398 0.005582 0.008816 -0.008998 0.012006 0.009831 -0.099832 -0.240428 -0.231812 
0.000000 1.000000 0.000000 0.000000 
1.000000 0.396728 -0.355642 -0.335007 -0.132806 -0.192290 -0.209156 -0.035464 0.219805 0.315376 0.170585 -0.043869 -0.155910 -0.167792 -0.141560 -0.136549 -0.064079 0.150109 0.318904 0.211809 -0.043588 -0.125208 -0.035701 -0.045877 -0.166825 
0.000000 0.000000 1.000000 0.000000 
1.000000 0.583312 -0.088855 -0.387602 -0.319583 -0.207031 -0.096146 0.018674 0.104824 0.080469 -0.022380 -0.137425 -0.178971 -0.157252 -0.099773 -0.033444 0.052708 0.148071 0.226194 0.237493 0.160353 0.026612 -0.114174 -0.204380 -0.176714 
0.000000 0.000000 1.000000 0.000000 
1.000000 0.459847 -0.268691 -0.354344 -0.185211 -0.231672 -0.232259 -0.022269 0.235213 0.280984 0.126260 -0.068823 -0.159693 -0.161156 -0.130651 -0.126467 -0.051924 0.163565 0.345824 0.259386 0.016812 -0.103589 -0.091552 -0.135292 -0.208213 
0.000000 0.000000 1.000000 0.000000 
1.000000 0.526950 -0.184124 -0.425186 -0.335066 -0.259961 -0.114853 0.075976 0.197943 0.182416 0.090787 -0.030730 -0.122074 -0.180879 -0.185781 -0.136416 -0.007001 0.189958 0.336681 0.278715 0.056642 -0.116759 -0.158683 -0.166794 -0.174015 
0.000000 0.000000 1.000000 0.000000 
1.000000 0.589135 -0.107320 -0.474857 -0.419033 -0.275676 -0.114519 0.063156 0.216711 0.220536 0.111302 -0.039612 -0.151218 -0.225450 -0.229142 -0.154245 0.011606 0.213227 0.338862 0.277164 0.076792 -0.094045 -0.164293 -0.195475 -0.193736 
0.000000 0.000000 1.000000 0.000000 
1.000000 0.784970 0.394261 -0.000531 -0.304371 -0.445553 -0.459745 -0.383973 -0.255875 -0.180689 -0.211901 -0.279291 -0.242626 -0.093474 0.127528 0.321986 0.451016 0.507366 0.458876 0.295465 0.079819 -0.094076 -0.200014 -0.261230 -0.296207 
0.000000 0.000000 0.000000 1.000000 
1.000000 0.769085 0.343952 -0.063438 -0.358365 -0.461635 -0.425219 -0.306767 -0.145459 -0.089346 -0.168845 -0.274086 -0.279832 -0.138666 0.094332 0.308279 0.458950 0.506422 0.423882 0.228962 0.001449 -0.140147 -0.190197 -0.206938 -0.207001 
0.000000 0.000000 0.000000 1.000000 
1.000000 0.764130 0.359026 -0.046366 -0.355936 -0.447123 -0.419837 -0.308000 -0.148752 -0.104361 -0.198219 -0.315498 -0.309854 -0.153332 0.094260 0.325159 0.487543 0.544224 0.470156 0.263082 0.004958 -0.162741 -0.228185 -0.240633 -0.221888 
0.000000 0.000000 0.000000 1.000000 
1.000000 0.780487 0.437504 0.099218 -0.205511 -0.389039 -0.506085 -0.522170 -0.402935 -0.277655 -0.239101 -0.244584 -0.180765 -0.048166 0.124520 0.273649 0.401243 0.507678 0.525740 0.396085 0.154390 -0.067772 -0.213268 -0.310989 -0.348669 
0.000000 0.000000 0.000000 1.000000 
1.000000 0.780762 0.397648 0.006511 -0.302251 -0.435087 -0.439352 -0.365999 -0.237626 -0.177706 -0.238533 -0.322119 -0.284129 -0.123554 0.114612 0.339122 0.481208 0.543240 0.483649 0.285917 0.048696 -0.125743 -0.208531 -0.234599 -0.244076 
0.000000 0.000000 0.000000 1.000000 
